$E_a$	su	sd	ku	kd	dbcu	dbcd	dbwu	dbwd	dbfu	dbfd	$\Delta$E	Radius	Electronegativiy	$E_{affinity}$	ionization1	abundance	valence	common_CN	BEoxides
2.340	0.346	0.344	5.137	5.139	-4.700	-4.701	1.861	1.861	0.954	0.954	-0.660	174.000	2.540	222.800	890.100	0.000	11.000	6.000	84.900
1.880	0.305	0.310	5.911	5.905	-4.334	-4.331	1.679	1.676	0.961	0.961	-0.060	174.000	2.540	222.800	890.100	0.000	11.000	6.000	84.900
2.500	0.307	0.318	5.215	5.214	-4.765	-4.757	1.859	1.854	0.957	0.955	-0.660	174.000	2.540	222.800	890.100	0.000	11.000	6.000	84.900
0.970	-1.526	-1.525	8.706	8.669	-1.597	-1.538	1.705	1.708	0.826	0.811	-0.250	152.000	1.880	63.700	760.400	0.003	9.000	9.000	780.000
1.940	-1.486	-1.772	9.195	9.680	-1.708	-1.152	1.612	1.716	0.875	0.758	-1.020	152.000	1.880	63.700	760.400	0.003	9.000	9.000	780.000
0.990	-1.585	-1.691	7.371	7.507	-0.955	-0.632	2.030	2.129	0.607	0.514	-1.990	166.000	1.660	64.300	652.900	0.014	6.000	6.000	576.600
1.600	-1.420	-1.730	6.744	7.075	-1.194	-0.368	2.035	2.294	0.685	0.433	-0.630	166.000	1.660	64.300	652.900	0.014	6.000	6.000	576.600
1.340	-1.429	-1.922	7.671	8.355	-1.132	0.076	1.809	2.191	0.718	0.363	-1.370	166.000	1.660	64.300	652.900	0.014	6.000	6.000	576.600
1.440	-1.566	-1.972	8.119	8.579	-1.113	-0.042	1.833	2.203	0.698	0.389	-0.830	166.000	1.660	64.300	652.900	0.014	6.000	6.000	576.600
1.460	-1.494	-1.665	6.631	6.703	-1.207	-0.589	2.146	2.357	0.665	0.479	-1.350	166.000	1.660	64.300	652.900	0.014	6.000	6.000	576.600
1.160	-1.167	-1.758	7.333	8.374	-2.074	-0.815	1.742	1.975	0.867	0.576	-2.010	156.000	1.830	15.700	762.500	6.300	8.000	8.000	711.000
1.900	-1.112	-1.684	6.828	7.626	-2.132	-0.881	1.795	2.075	0.872	0.581	-1.030	156.000	1.830	15.700	762.500	6.300	8.000	8.000	711.000
0.800	-1.905	-1.905	8.081	8.036	-0.253	-0.166	2.302	2.332	0.434	0.404	-2.470	176.000	1.540	7.600	658.800	0.660	4.000	6.000	458.500
0.700	-1.816	-1.817	7.194	7.200	-0.273	-0.264	2.420	2.420	0.410	0.409	-1.000	176.000	1.540	7.600	658.800	0.660	4.000	6.000	458.500
1.020	-1.952	-1.954	8.354	8.351	-0.043	-0.029	2.276	2.276	0.373	0.370	-1.500	176.000	1.540	7.600	658.800	0.660	4.000	6.000	458.500
1.200	-2.064	-2.063	8.838	8.835	-0.011	0.001	2.300	2.303	0.377	0.373	-1.130	176.000	1.540	7.600	658.800	0.660	4.000	6.000	458.500
1.230	-1.868	-1.872	7.349	7.372	-0.242	-0.221	2.478	2.477	0.407	0.404	-1.660	176.000	1.540	7.600	658.800	0.660	4.000	6.000	458.500
0.820	-1.363	-1.366	5.818	5.817	-0.753	-0.749	2.129	2.129	0.521	0.518	-1.480	198.000	1.600	86.100	652.100	0.002	13.000	8.000	207.200
0.930	-1.408	-1.406	5.970	5.962	-0.722	-0.721	2.131	2.131	0.527	0.527	-1.250	198.000	1.600	86.100	652.100	0.002	13.000	8.000	207.200
0.910	-1.236	-1.238	4.982	4.992	-0.950	-0.972	2.293	2.293	0.531	0.534	-1.180	198.000	1.600	86.100	652.100	0.002	13.000	8.000	207.200
0.880	-1.292	-1.289	5.164	5.152	-1.083	-1.050	2.347	2.347	0.567	0.563	-1.980	198.000	1.600	86.100	652.100	0.002	13.000	8.000	207.200
0.710	-1.300	-1.298	5.618	5.609	-1.058	-1.030	2.188	2.189	0.597	0.582	-1.420	198.000	1.600	86.100	652.100	0.002	13.000	8.000	207.200
1.010	-1.444	-1.435	9.774	9.710	-1.920	-1.865	1.515	1.517	0.899	0.891	-0.380	149.000	1.910	112.000	737.100	0.009	10.000	7.000	853.600
1.070	-1.224	-1.222	8.832	8.831	-1.927	-1.927	1.496	1.496	0.891	0.891	-0.620	149.000	1.910	112.000	737.100	0.009	10.000	7.000	853.600
1.530	-1.498	-1.507	10.358	10.372	-1.733	-1.714	1.463	1.463	0.902	0.898	-0.220	149.000	1.910	112.000	737.100	0.009	10.000	7.000	853.600
1.280	-0.449	-0.421	4.812	4.754	-3.360	-3.304	2.041	2.025	0.914	0.902	-1.960	177.000	2.280	205.300	870.000	0.000	10.000	7.000	74.900
1.640	-0.343	-0.344	4.277	4.278	-3.652	-3.653	2.193	2.193	0.909	0.909	-0.210	177.000	2.280	205.300	870.000	0.000	10.000	7.000	74.900
2.350	-0.385	-0.378	4.348	4.338	-3.735	-3.720	2.202	2.197	0.914	0.911	-0.740	177.000	2.280	205.300	870.000	0.000	10.000	7.000	74.900
1.700	-0.474	-0.472	5.015	5.006	-3.230	-3.223	2.017	2.015	0.913	0.911	-0.250	177.000	2.280	205.300	870.000	0.000	10.000	7.000	74.900
2.350	-0.636	-0.634	5.107	5.105	-3.356	-3.354	2.129	2.129	0.916	0.916	0.490	177.000	2.280	205.300	870.000	0.000	10.000	7.000	74.900
1.040	-1.659	-1.672	7.414	7.392	-0.485	-0.407	2.106	2.124	0.478	0.455	-1.080	171.000	1.630	50.600	650.900	0.019	5.000	5.000	517.200
1.240	-1.835	-1.840	8.115	8.133	-0.425	-0.429	2.150	2.150	0.467	0.467	-1.080	171.000	1.630	50.600	650.900	0.019	5.000	5.000	517.200
1.260	-1.639	-1.639	6.743	6.743	-0.647	-0.646	2.300	2.299	0.486	0.486	-0.960	171.000	1.630	50.600	650.900	0.019	5.000	5.000	517.200
0.880	-1.743	-1.737	7.549	7.520	-0.542	-0.498	2.212	2.218	0.497	0.486	-2.110	171.000	1.630	50.600	650.900	0.019	5.000	5.000	517.200
1.210	-1.682	-1.674	6.716	6.723	-0.652	-0.682	2.397	2.383	0.488	0.502	-1.680	171.000	1.630	50.600	650.900	0.019	5.000	5.000	517.200
0.810	-1.046	-1.043	4.855	4.808	-1.616	-1.574	2.316	2.314	0.664	0.647	-1.420	193.000	2.360	78.600	770.000	0.000	6.000	7.000	35.600
0.960	-1.156	-1.155	5.010	5.006	-1.583	-1.579	2.384	2.384	0.648	0.647	-0.990	193.000	2.360	78.600	770.000	0.000	6.000	7.000	35.600
0.970	-0.968	-0.967	4.101	4.099	-2.019	-2.015	2.594	2.594	0.678	0.678	-1.110	193.000	2.360	78.600	770.000	0.000	6.000	7.000	35.600
0.970	-1.014	-1.008	4.119	4.103	-2.016	-1.981	2.677	2.679	0.689	0.686	-1.870	193.000	2.360	78.600	770.000	0.000	6.000	7.000	35.600
0.780	-1.075	-1.068	4.716	4.705	-1.867	-1.852	2.491	2.487	0.696	0.692	-2.010	193.000	2.360	78.600	770.000	0.000	6.000	7.000	35.600
0.850	-1.600	-1.603	6.487	6.497	-0.265	-0.261	2.232	2.231	0.430	0.427	-1.660	206.000	1.330	41.100	640.100	0.013	12.000	7.000	182.400
1.050	-1.627	-1.629	6.567	6.569	-0.292	-0.264	2.247	2.248	0.437	0.431	-1.250	206.000	1.330	41.100	640.100	0.013	12.000	7.000	182.400
1.010	-1.401	-1.402	5.384	5.387	-0.644	-0.635	2.378	2.377	0.489	0.488	-1.100	206.000	1.330	41.100	640.100	0.013	12.000	7.000	182.400
0.980	-1.457	-1.463	5.598	5.612	-0.672	-0.622	2.403	2.403	0.500	0.492	-1.880	206.000	1.330	41.100	640.100	0.013	12.000	7.000	182.400
0.710	-1.482	-1.486	6.109	6.113	-0.677	-0.628	2.262	2.265	0.517	0.499	-2.470	206.000	1.330	41.100	640.100	0.013	12.000	7.000	182.400
0.940	-1.265	-1.245	5.578	5.531	-1.602	-1.551	2.212	2.201	0.690	0.679	-2.020	190.000	2.160	71.900	684.300	0.000	6.000	6.000	233.100
1.580	-1.066	-1.067	4.463	4.464	-1.728	-1.729	2.467	2.467	0.652	0.652	-0.830	190.000	2.160	71.900	684.300	0.000	6.000	6.000	233.100
1.250	-0.886	-0.882	4.599	4.594	-1.423	-1.403	1.972	1.961	0.636	0.630	-1.360	190.000	2.160	71.900	684.300	0.000	6.000	6.000	233.100
1.540	-0.812	-0.820	4.152	4.149	-1.694	-1.669	2.145	2.138	0.648	0.638	-0.880	190.000	2.160	71.900	684.300	0.000	6.000	6.000	233.100
1.260	-0.969	-0.963	4.607	4.576	-1.803	-1.757	2.270	2.259	0.694	0.677	-1.600	190.000	2.160	71.900	684.300	0.000	6.000	6.000	233.100
0.540	-1.620	-1.610	7.034	7.003	-0.109	-0.098	1.967	1.967	0.423	0.421	-1.810	206.000	1.330	41.100	640.100	0.013	12.000	7.000	182.400
0.580	-1.311	-1.308	5.869	5.846	-0.647	-0.625	1.925	1.925	0.525	0.521	-1.900	198.000	1.600	86.100	652.100	0.002	13.000	8.000	207.200
1.000	-1.435	-2.018	8.232	9.154	-1.104	0.124	1.601	2.028	0.732	0.361	-1.660	166.000	1.660	64.300	652.900	0.014	6.000	6.000	576.600
0.950	-2.043	-2.044	9.351	9.353	0.054	0.043	1.996	1.997	0.373	0.375	-2.030	176.000	1.540	7.600	658.800	0.660	4.000	6.000	458.500
0.770	-1.814	-1.810	8.322	8.307	-0.367	-0.364	1.957	1.957	0.472	0.471	-1.890	171.000	1.630	50.600	650.900	0.019	5.000	5.000	517.200
1.320	-0.839	-1.866	8.014	9.734	-2.059	-0.406	1.387	1.665	0.895	0.518	-1.340	156.000	1.830	15.700	762.500	6.300	8.000	8.000	711.000
1.590	-1.096	-1.092	10.185	10.176	-1.585	-1.585	1.203	1.203	0.893	0.893	-1.170	149.000	1.910	112.000	737.100	0.009	10.000	7.000	853.600
1.630	-1.363	-1.367	9.028	9.033	-1.306	-1.295	1.447	1.448	0.808	0.806	-1.220	152.000	1.880	63.700	760.400	0.003	9.000	9.000	780.000
0.780	-1.083	-1.080	4.950	4.939	-1.578	-1.570	2.246	2.246	0.674	0.673	-1.720	193.000	2.360	78.600	770.000	0.000	6.000	7.000	35.600
0.830	-1.123	-1.128	5.245	5.259	-1.364	-1.371	2.112	2.112	0.667	0.668	-1.650	190.000	2.160	71.900	684.300	0.000	6.000	6.000	233.100
1.600	-0.215	-0.222	4.909	4.923	-3.319	-3.190	1.811	1.811	0.905	0.906	-0.870	177.000	2.280	205.300	870.000	0.000	10.000	7.000	74.900
0.530	-1.358	-1.348	5.535	5.518	-1.389	-1.394	2.475	2.471	0.608	0.613	-1.880	152.000	1.880	63.700	760.400	0.003	9.000	9.000	780.000
0.620	-1.146	-1.146	4.479	4.479	-1.803	-1.803	2.698	2.698	0.668	0.668	-1.650	152.000	1.880	63.700	760.400	0.003	9.000	9.000	780.000
0.800	-1.437	-1.441	5.859	5.861	-0.654	-0.655	2.296	2.296	0.488	0.488	-1.030	152.000	1.880	63.700	760.400	0.003	9.000	9.000	780.000
0.850	-1.276	-1.279	5.245	5.251	-1.057	-1.057	2.274	2.274	0.561	0.561	-1.020	152.000	1.880	63.700	760.400	0.003	9.000	9.000	780.000
0.910	-0.299	-0.303	7.238	7.234	-1.826	-1.826	2.447	2.447	0.411	0.411	-1.090	156.000	1.830	15.700	762.500	6.300	8.000	8.000	711.000
0.970	-1.084	-1.075	5.581	5.579	-1.246	-1.243	2.336	2.336	0.578	0.576	-0.950	156.000	1.830	15.700	762.500	6.300	8.000	8.000	711.000
0.990	-1.313	-1.313	5.455	5.452	-1.448	-1.445	2.484	2.484	0.633	0.632	-0.950	156.000	1.830	15.700	762.500	6.300	8.000	8.000	711.000
1.020	-0.878	-0.885	5.681	5.678	-1.392	-1.393	2.345	2.345	0.457	0.457	-0.990	156.000	1.830	15.700	762.500	6.300	8.000	8.000	711.000
1.170	-1.350	-1.266	9.094	8.999	-1.550	-1.515	1.675	1.688	0.818	0.799	-0.460	190.000	2.160	71.900	684.300	0.000	6.000	6.000	233.100
1.590	-1.149	-1.150	4.834	4.836	-1.555	-1.556	2.411	2.411	0.655	0.655	-0.880	190.000	2.160	71.900	684.300	0.000	6.000	6.000	233.100
1.590	-1.728	-1.731	7.237	7.239	-0.562	-0.552	2.282	2.284	0.482	0.479	-0.590	198.000	1.600	86.100	652.100	0.002	13.000	8.000	207.200
1.890	-1.042	-1.042	4.385	4.385	-1.867	-1.865	2.564	2.564	0.680	0.679	-0.550	198.000	1.600	86.100	652.100	0.002	13.000	8.000	207.200
2.590	-1.563	-1.476	8.918	8.779	-1.318	-1.489	1.637	1.608	0.797	0.831	-1.500	198.000	1.600	86.100	652.100	0.002	13.000	8.000	207.200
